1380474001,0,139276,5
1380477601,0,31520,1
1380481201,0,0,0
1380484802,0,0,0
1380488401,0,0,0
1380492001,0,0,0
1380495601,0,0,0
1380499202,0,0,0
1380502802,0,0,0
1380506402,0,0,0
1380510001,0,0,0
1380513601,0,0,0
1380517201,0,0,0
1380520801,0,0,0
1380524401,0,0,0
1380528002,0,0,0
1380531602,0,0,0
1380535201,0,0,0
1380538802,0,0,0
1380542402,0,0,0
1380546001,0,0,0
1380549601,0,0,0
1380553202,0,0,0
1380556801,0,0,0
1380560401,0,0,0
1380564001,0,0,0
1380567601,0,0,0
1380571201,0,0,0
1380574801,0,0,0
1380578402,0,0,0
1380582002,0,0,0
1380585601,0,0,0
1380589202,0,0,0
1380592801,0,0,0
1380596402,0,0,0
1380600002,0,0,0
1380603601,0,0,0
1380607202,0,0,0
1380610801,0,0,0
1380614402,0,0,0
1380618002,0,0,0
1380621601,0,0,0
1380625201,0,0,0
1380628801,0,0,0
1380632401,0,0,0
1380636002,0,0,0
1380639602,0,0,0
1380643201,0,0,0
1380646802,0,0,0
1380650401,0,0,0
1380654002,0,0,0
1380657601,0,0,0
1380661201,0,0,0
1380664801,0,0,0
1380668402,0,0,0
1380672001,0,0,0
1380675601,0,0,0
1380679201,0,0,0
1380682801,0,0,0
1380686401,0,0,0
1380690001,0,0,0
1380693602,0,0,0
1380697201,0,0,0
1380700801,0,0,0
1380704402,0,0,0
1380708001,0,0,0
1380711602,0,0,0
1380715201,0,0,0
1380718801,0,0,0
1380722402,0,0,0
1380726001,0,0,0
1380729602,0,0,0
1380733201,0,0,0
1380736801,0,0,0
1380740401,0,0,0
1380744001,0,0,0
1380747601,0,0,0
1380751201,0,0,0
1380754801,0,0,0
1380758401,3,1102525,59
1380762002,11,2977438,155
